0	-0
0.0002	46.9304
0.0004	93.8608
0.0006	140.791
0.0008	187.722
0.001	234.652
0.0012	281.582
0.0014	328.39
0.0016	375.075
0.0018	421.567
0.002	467.829
0.0022	513.828
0.0024	559.335
0.0026	603.569
0.0028	645.14
0.003	679.352
0.0032	693.969
0.0034	704.925
0.0036	714.593
0.0038	723.676
0.004	732.245
0.0042	740.379
0.0044	748.191
0.0046	755.625
0.0048	761.794
0.005	767.353
0.0052	772.849
0.0054	778.273
0.0056	783.609
0.0058	788.907
0.006	794.171
0.0062	799.4
0.0064	804.592
0.0066	809.745
0.0068	814.869
0.007	819.965
0.0072	825.03
0.0074	830.067
0.0076	835.073
0.0078	840.049
0.008	844.996
0.0082	849.917
0.0084	854.812
0.0086	859.68
0.0088	864.521
0.009	869.335
0.0092	874.124
0.0094	878.887
0.0096	883.624
0.0098	888.333
0.01	893.017
0.0102	897.676
0.0104	902.312
0.0106	906.923
0.0108	911.51
0.011	916.073
0.0112	920.613
0.0114	925.13
0.0116	929.622
0.0118	934.092
0.012	938.538
0.0122	942.96
0.0124	947.36
0.0126	951.736
0.0128	956.091
0.013	960.423
0.0132	964.733
0.0134	969.021
0.0136	973.288
0.0138	977.532
0.014	981.753
0.0142	985.953
0.0144	990.132
0.0146	994.289
0.0148	998.426
0.015	1002.54
0.0152	1006.64
0.0154	1010.71
0.0156	1014.76
0.0158	1018.8
0.016	1022.81
0.0162	1026.8
0.0164	1030.78
0.0166	1034.73
0.0168	1038.66
0.017	1042.58
0.0172	1046.47
0.0174	1050.35
0.0176	1054.2
0.0178	1058.04
0.018	1061.86
0.0182	1065.66
0.0184	1069.43
0.0186	1073.2
0.0188	1076.94
0.019	1080.66
0.0192	1084.37
0.0194	1088.06
0.0196	1091.72
0.0198	1095.38
0.02	1099.01
0.0198	1052.08
0.0196	1005.15
0.0194	958.217
0.0192	911.287
0.019	864.356
0.0188	817.426
0.0186	770.496
0.0184	723.565
0.0182	676.635
0.018	629.704
0.0178	582.774
0.0176	535.844
0.0174	488.913
0.0172	441.983
0.017	395.052
0.0168	348.122
0.0166	301.192
0.0164	254.261
0.0162	207.335
0.016	160.55
0.0158	113.82
0.0156	67.1176
0.0154	20.447
0.0152	-26.1568
0.015	-72.6224
0.0148	-119.041
0.0146	-165.303
0.0144	-211.443
0.0142	-257.459
0.014	-303.185
0.0138	-348.415
0.0136	-392.808
0.0134	-435.87
0.0132	-476.944
0.013	-512.637
0.0128	-530.086
0.0126	-542.63
0.0124	-553.767
0.0122	-564.285
0.012	-574.314
0.0118	-583.927
0.0116	-593.237
0.0114	-602.194
0.0112	-610.812
0.011	-618.745
0.0108	-625.588
0.0106	-632.236
0.0104	-638.726
0.0102	-645.153
0.01	-651.529
0.0098	-657.84
0.0096	-664.069
0.0094	-670.23
0.0092	-676.351
0.009	-682.434
0.0088	-688.479
0.0086	-694.486
0.0084	-700.449
0.0082	-706.376
0.008	-712.26
0.0078	-718.107
0.0076	-723.92
0.0074	-729.7
0.0072	-735.445
0.007	-741.153
0.0068	-746.829
0.0066	-752.473
0.0064	-758.082
0.0062	-763.656
0.006	-769.198
0.0058	-774.71
0.0056	-780.19
0.0054	-785.639
0.0052	-791.056
0.005	-796.443
0.0048	-801.797
0.0046	-807.121
0.0044	-812.415
0.0042	-817.679
0.004	-822.912
0.0038	-828.116
0.0036	-833.289
0.0034	-838.431
0.0032	-843.546
0.003	-848.631
0.0028	-853.688
0.0026	-858.717
0.0024	-863.717
0.0022	-868.689
0.002	-873.634
0.0018	-878.551
0.0016	-883.44
0.0014	-888.303
0.0012	-893.138
0.001	-897.947
0.0008	-902.729
0.0006	-907.485
0.0004	-912.214
0.0002	-916.917
-2.6628E-017	-921.594
-0.0002	-926.245
-0.0004	-930.869
-0.0006	-935.468
-0.0008	-940.041
-0.001	-944.589
-0.0012	-949.111
-0.0014	-953.609
-0.0016	-958.082
-0.0018	-962.53
-0.002	-966.954
-0.0022	-971.352
-0.0024	-975.727
-0.0026	-980.076
-0.0028	-984.402
-0.003	-988.704
-0.0032	-992.983
-0.0034	-997.238
-0.0036	-1001.47
-0.0038	-1005.68
-0.004	-1009.86
-0.0042	-1014.03
-0.0044	-1018.17
-0.0046	-1022.28
-0.0048	-1026.38
-0.005	-1030.45
-0.0052	-1034.5
-0.0054	-1038.53
-0.0056	-1042.54
-0.0058	-1046.52
-0.006	-1050.49
-0.0062	-1054.43
-0.0064	-1058.35
-0.0066	-1062.25
-0.0068	-1066.13
-0.007	-1069.98
-0.0072	-1073.82
-0.0074	-1077.64
-0.0076	-1081.43
-0.0078	-1085.21
-0.008	-1088.96
-0.0082	-1092.69
-0.0084	-1096.41
-0.0086	-1100.1
-0.0088	-1103.78
-0.009	-1107.43
-0.0092	-1111.07
-0.0094	-1114.69
-0.0096	-1118.28
-0.0098	-1121.86
-0.01	-1125.42
-0.0102	-1128.96
-0.0104	-1132.48
-0.0106	-1135.98
-0.0108	-1139.47
-0.011	-1142.93
-0.0112	-1146.38
-0.0114	-1149.81
-0.0116	-1153.22
-0.0118	-1156.61
-0.012	-1159.99
-0.0122	-1163.35
-0.0124	-1166.69
-0.0126	-1170.01
-0.0128	-1173.31
-0.013	-1176.6
-0.0132	-1179.87
-0.0134	-1183.13
-0.0136	-1186.36
-0.0138	-1189.58
-0.014	-1192.79
-0.0142	-1195.97
-0.0144	-1199.15
-0.0146	-1202.3
-0.0148	-1205.44
-0.015	-1208.56
-0.0152	-1211.66
-0.0154	-1214.75
-0.0156	-1217.83
-0.0158	-1220.89
-0.016	-1223.93
-0.0162	-1226.96
-0.0164	-1229.97
-0.0166	-1232.97
-0.0168	-1235.95
-0.017	-1238.92
-0.0172	-1241.87
-0.0174	-1244.81
-0.0176	-1247.73
-0.0178	-1250.63
-0.018	-1253.53
-0.0182	-1256.41
-0.0184	-1259.27
-0.0186	-1262.12
-0.0188	-1264.96
-0.019	-1267.78
-0.0192	-1270.59
-0.0194	-1273.38
-0.0196	-1276.16
-0.0198	-1278.93
-0.02	-1281.68
-0.0198	-1234.75
-0.0196	-1187.82
-0.0194	-1140.89
-0.0192	-1093.96
-0.019	-1047.03
-0.0188	-1000.1
-0.0186	-953.166
-0.0184	-906.236
-0.0182	-859.306
-0.018	-812.375
-0.0178	-765.445
-0.0176	-718.515
-0.0174	-671.584
-0.0172	-624.654
-0.017	-577.723
-0.0168	-530.793
-0.0166	-483.862
-0.0164	-436.932
-0.0162	-390.002
-0.016	-343.071
-0.0158	-296.256
-0.0156	-249.508
-0.0154	-202.783
-0.0152	-156.065
-0.015	-109.397
-0.0148	-62.7465
-0.0146	-16.1956
-0.0144	30.2649
-0.0142	76.7064
-0.014	123.049
-0.0138	169.236
-0.0136	215.371
-0.0134	261.451
-0.0132	307.34
-0.013	353.06
-0.0128	398.348
-0.0126	443.151
-0.0124	487.095
-0.0122	529.803
-0.012	570.706
-0.0118	607.062
-0.0116	625.517
-0.0114	637.993
-0.0112	648.918
-0.011	659.186
-0.0108	668.987
-0.0106	678.419
-0.0104	687.561
-0.0102	696.394
-0.01	704.879
-0.0098	712.925
-0.0096	719.884
-0.0094	726.436
-0.0092	732.834
-0.009	739.126
-0.0088	745.362
-0.0086	751.546
-0.0084	757.663
-0.0082	763.68
-0.008	769.659
-0.0078	775.595
-0.0076	781.495
-0.0074	787.358
-0.0072	793.175
-0.007	798.953
-0.0068	804.689
-0.0066	810.385
-0.0064	816.046
-0.0062	821.673
-0.006	827.263
-0.0058	832.819
-0.0056	838.342
-0.0054	843.83
-0.0052	849.28
-0.005	854.697
-0.0048	860.082
-0.0046	865.436
-0.0044	870.757
-0.0042	876.046
-0.004	881.303
-0.0038	886.529
-0.0036	891.723
-0.0034	896.887
-0.0032	902.019
-0.003	907.118
-0.0028	912.185
-0.0026	917.223
-0.0024	922.231
-0.0022	927.21
-0.002	932.159
-0.0018	937.078
-0.0016	941.968
-0.0014	946.83
-0.0012	951.663
-0.001	956.468
-0.0008	961.244
-0.0006	965.992
-0.0004	970.712
-0.0002	975.404
-8.25989E-016	980.069
0.0002	984.706
0.0004	989.316
0.0006	993.899
0.0008	998.455
0.001	1002.98
0.0012	1007.49
0.0014	1011.96
0.0016	1016.41
0.0018	1020.83
0.002	1025.23
0.0022	1029.6
0.0024	1033.94
0.0026	1038.26
0.0028	1042.56
0.003	1046.82
0.0032	1051.07
0.0034	1055.29
0.0036	1059.48
0.0038	1063.65
0.004	1067.8
0.0042	1071.92
0.0044	1076.02
0.0046	1080.1
0.0048	1084.15
0.005	1088.17
0.0052	1092.18
0.0054	1096.16
0.0056	1100.12
0.0058	1104.05
0.006	1107.96
0.0062	1111.85
0.0064	1115.72
0.0066	1119.57
0.0068	1123.39
0.007	1127.19
0.0072	1130.97
0.0074	1134.73
0.0076	1138.46
0.0078	1142.18
0.008	1145.87
0.0082	1149.54
0.0084	1153.19
0.0086	1156.82
0.0088	1160.43
0.009	1164.02
0.0092	1167.59
0.0094	1171.13
0.0096	1174.66
0.0098	1178.17
0.01	1181.65
0.0102	1185.12
0.0104	1188.57
0.0106	1192
0.0108	1195.41
0.011	1198.79
0.0112	1202.17
0.0114	1205.52
0.0116	1208.85
0.0118	1212.16
0.012	1215.46
0.0122	1218.73
0.0124	1221.99
0.0126	1225.23
0.0128	1228.46
0.013	1231.66
0.0132	1234.85
0.0134	1238.01
0.0136	1241.17
0.0138	1244.3
0.014	1247.42
0.0142	1250.51
0.0144	1253.6
0.0146	1256.66
0.0148	1259.71
0.015	1262.74
0.0152	1265.76
0.0154	1268.75
0.0156	1271.73
0.0158	1274.7
0.016	1277.65
0.0162	1280.58
0.0164	1283.5
0.0166	1286.4
0.0168	1289.29
0.017	1292.16
0.0172	1295.01
0.0174	1297.85
0.0176	1300.68
0.0178	1303.48
0.018	1306.28
0.0182	1309.06
0.0184	1311.82
0.0186	1314.57
0.0188	1317.3
0.019	1320.02
0.0192	1322.73
0.0194	1325.42
0.0196	1328.1
0.0198	1330.76
0.02	1333.41
0.0198	1286.48
0.0196	1239.55
0.0194	1192.62
0.0192	1145.69
0.019	1098.76
0.0188	1051.83
0.0186	1004.9
0.0184	957.968
0.0182	911.037
0.018	864.107
0.0178	817.176
0.0176	770.246
0.0174	723.316
0.0172	676.385
0.017	629.455
0.0168	582.525
0.0166	535.594
0.0164	488.664
0.0162	441.733
0.016	394.803
0.0158	347.985
0.0156	301.234
0.0154	254.508
0.0152	207.787
0.015	161.113
0.0148	114.449
0.0146	67.8904
0.0144	21.4026
0.0142	-25.0524
0.014	-71.4829
0.0138	-117.719
0.0136	-163.872
0.0134	-209.998
0.0132	-256.074
0.013	-301.973
0.0128	-347.754
0.0126	-393.206
0.0124	-438.44
0.0122	-483.105
0.012	-527.034
0.0118	-570.1
0.0116	-611.787
0.0114	-651.589
0.0112	-687.242
0.011	-708.124
0.0108	-721.51
0.0106	-733.052
0.0104	-743.599
0.0102	-753.549
0.01	-763.137
0.0098	-772.328
0.0096	-781.225
0.0094	-789.87
0.0092	-798.268
0.009	-806.41
0.0088	-814.303
0.0086	-821.906
0.0084	-828.924
0.0082	-835.051
0.008	-841.033
0.0078	-846.862
0.0076	-852.63
0.0074	-858.351
0.0072	-864.023
0.007	-869.635
0.0068	-875.163
0.0066	-880.646
0.0064	-886.091
0.0062	-891.5
0.006	-896.872
0.0058	-902.208
0.0056	-907.504
0.0054	-912.765
0.0052	-917.988
0.005	-923.173
0.0048	-928.325
0.0046	-933.445
0.0044	-938.532
0.0042	-943.585
0.004	-948.607
0.0038	-953.596
0.0036	-958.553
0.0034	-963.476
0.0032	-968.369
0.003	-973.232
0.0028	-978.066
0.0026	-982.87
0.0024	-987.644
0.0022	-992.387
0.002	-997.101
0.0018	-1001.79
0.0016	-1006.44
0.0014	-1011.07
0.0012	-1015.67
0.001	-1020.24
0.0008	-1024.78
0.0006	-1029.29
0.0004	-1033.77
0.0002	-1038.23
1.66976E-015	-1042.66
-0.0002	-1047.06
-0.0004	-1051.44
-0.0006	-1055.79
-0.0008	-1060.11
-0.001	-1064.41
-0.0012	-1068.68
-0.0014	-1072.93
-0.0016	-1077.15
-0.0018	-1081.34
-0.002	-1085.51
-0.0022	-1089.65
-0.0024	-1093.77
-0.0026	-1097.86
-0.0028	-1101.93
-0.003	-1105.98
-0.0032	-1110
-0.0034	-1113.99
-0.0036	-1117.96
-0.0038	-1121.91
-0.004	-1125.83
-0.0042	-1129.73
-0.0044	-1133.6
-0.0046	-1137.46
-0.0048	-1141.28
-0.005	-1145.09
-0.0052	-1148.87
-0.0054	-1152.64
-0.0056	-1156.38
-0.0058	-1160.09
-0.006	-1163.79
-0.0062	-1167.46
-0.0064	-1171.11
-0.0066	-1174.74
-0.0068	-1178.34
-0.007	-1181.93
-0.0072	-1185.49
-0.0074	-1189.04
-0.0076	-1192.56
-0.0078	-1196.06
-0.008	-1199.54
-0.0082	-1203.01
-0.0084	-1206.45
-0.0086	-1209.87
-0.0088	-1213.27
-0.009	-1216.65
-0.0092	-1220.01
-0.0094	-1223.35
-0.0096	-1226.67
-0.0098	-1229.97
-0.01	-1233.25
-0.0102	-1236.52
-0.0104	-1239.76
-0.0106	-1242.99
-0.0108	-1246.19
-0.011	-1249.38
-0.0112	-1252.55
-0.0114	-1255.7
-0.0116	-1258.83
-0.0118	-1261.95
-0.012	-1265.05
-0.0122	-1268.12
-0.0124	-1271.19
-0.0126	-1274.23
-0.0128	-1277.26
-0.013	-1280.27
-0.0132	-1283.26
-0.0134	-1286.23
-0.0136	-1289.19
-0.0138	-1292.13
-0.014	-1295.06
-0.0142	-1297.97
-0.0144	-1300.86
-0.0146	-1303.73
-0.0148	-1306.59
-0.015	-1309.44
-0.0152	-1312.26
-0.0154	-1315.07
-0.0156	-1317.87
-0.0158	-1320.65
-0.016	-1323.42
-0.0162	-1326.16
-0.0164	-1328.9
-0.0166	-1331.62
-0.0168	-1334.32
-0.017	-1337.01
-0.0172	-1339.68
-0.0174	-1342.34
-0.0176	-1344.99
-0.0178	-1347.62
-0.018	-1350.23
-0.0182	-1352.84
-0.0184	-1355.42
-0.0186	-1358
-0.0188	-1360.56
-0.019	-1363.1
-0.0192	-1365.63
-0.0194	-1368.15
-0.0196	-1370.66
-0.0198	-1373.15
-0.02	-1375.63
-0.0198	-1328.7
-0.0196	-1281.77
-0.0194	-1234.84
-0.0192	-1187.91
-0.019	-1140.98
-0.0188	-1094.04
-0.0186	-1047.11
-0.0184	-1000.18
-0.0182	-953.254
-0.018	-906.323
-0.0178	-859.393
-0.0176	-812.462
-0.0174	-765.532
-0.0172	-718.602
-0.017	-671.671
-0.0168	-624.741
-0.0166	-577.81
-0.0164	-530.88
-0.0162	-483.95
-0.016	-437.019
-0.0158	-390.201
-0.0156	-343.448
-0.0154	-296.723
-0.0152	-250.003
-0.015	-203.328
-0.0148	-156.664
-0.0146	-110.104
-0.0144	-63.6137
-0.0142	-17.159
-0.014	29.277
-0.0138	75.5257
-0.0136	121.688
-0.0134	167.815
-0.0132	213.906
-0.013	259.861
-0.0128	305.668
-0.0126	351.299
-0.0124	396.618
-0.0122	441.669
-0.012	486.151
-0.0118	529.913
-0.0116	572.908
-0.0114	614.707
-0.0112	655.032
-0.011	692.688
-0.0108	724.124
-0.0106	741.512
-0.0104	754.796
-0.0102	766.479
-0.01	777.27
-0.0098	787.392
-0.0096	797.08
-0.0094	806.47
-0.0092	815.536
-0.009	824.308
-0.0088	832.844
-0.0086	841.116
-0.0084	849.244
-0.0082	857.124
-0.008	864.797
-0.0078	872.245
-0.0076	879.454
-0.0074	886.014
-0.0072	891.827
-0.007	897.536
-0.0068	903.114
-0.0066	908.638
-0.0064	914.118
-0.0062	919.554
-0.006	924.93
-0.0058	930.241
-0.0056	935.493
-0.0054	940.708
-0.0052	945.886
-0.005	951.031
-0.0048	956.141
-0.0046	961.216
-0.0044	966.252
-0.0042	971.256
-0.004	976.225
-0.0038	981.155
-0.0036	986.054
-0.0034	990.922
-0.0032	995.758
-0.003	1000.56
-0.0028	1005.33
-0.0026	1010.07
-0.0024	1014.79
-0.0022	1019.47
-0.002	1024.12
-0.0018	1028.74
-0.0016	1033.33
-0.0014	1037.89
-0.0012	1042.42
-0.001	1046.93
-0.0008	1051.4
-0.0006	1055.85
-0.0004	1060.27
-0.0002	1064.66
-2.52242E-015	1069.03
0.0002	1073.37
0.0004	1077.68
0.0006	1081.96
0.0008	1086.21
0.001	1090.44
0.0012	1094.64
0.0014	1098.82
0.0016	1102.97
0.0018	1107.09
0.002	1111.19
0.0022	1115.26
0.0024	1119.31
0.0026	1123.34
0.0028	1127.33
0.003	1131.31
0.0032	1135.26
0.0034	1139.18
0.0036	1143.08
0.0038	1146.96
0.004	1150.82
0.0042	1154.65
0.0044	1158.45
0.0046	1162.24
0.0048	1166
0.005	1169.73
0.0052	1173.45
0.0054	1177.14
0.0056	1180.81
0.0058	1184.45
0.006	1188.08
0.0062	1191.68
0.0064	1195.26
0.0066	1198.82
0.0068	1202.35
0.007	1205.87
0.0072	1209.36
0.0074	1212.84
0.0076	1216.29
0.0078	1219.72
0.008	1223.13
0.0082	1226.52
0.0084	1229.89
0.0086	1233.24
0.0088	1236.57
0.009	1239.88
0.0092	1243.17
0.0094	1246.44
0.0096	1249.69
0.0098	1252.93
0.01	1256.14
0.0102	1259.33
0.0104	1262.51
0.0106	1265.67
0.0108	1268.8
0.011	1271.92
0.0112	1275.02
0.0114	1278.1
0.0116	1281.17
0.0118	1284.22
0.012	1287.24
0.0122	1290.25
0.0124	1293.25
0.0126	1296.22
0.0128	1299.18
0.013	1302.12
0.0132	1305.05
0.0134	1307.95
0.0136	1310.84
0.0138	1313.72
0.014	1316.57
0.0142	1319.42
0.0144	1322.24
0.0146	1325.05
0.0148	1327.84
0.015	1330.62
0.0152	1333.38
0.0154	1336.12
0.0156	1338.85
0.0158	1341.57
0.016	1344.26
0.0162	1346.95
0.0164	1349.61
0.0166	1352.27
0.0168	1354.91
0.017	1357.53
0.0172	1360.14
0.0174	1362.73
0.0176	1365.31
0.0178	1367.88
0.018	1370.43
0.0182	1372.97
0.0184	1375.49
0.0186	1378
0.0188	1380.49
0.019	1382.97
0.0192	1385.44
0.0194	1387.9
0.0196	1390.34
0.0198	1392.77
0.02	1395.18
0.0198	1348.25
0.0196	1301.32
0.0194	1254.39
0.0192	1207.46
0.019	1160.53
0.0188	1113.6
0.0186	1066.67
0.0184	1019.74
0.0182	972.807
0.018	925.877
0.0178	878.946
0.0176	832.016
0.0174	785.086
0.0172	738.155
0.017	691.225
0.0168	644.294
0.0166	597.364
0.0164	550.434
0.0162	503.503
0.016	456.573
0.0158	409.754
0.0156	363.002
0.0154	316.276
0.0152	269.556
0.015	222.881
0.0148	176.217
0.0146	129.658
0.0144	83.167
0.0142	36.7125
0.014	-9.72404
0.0138	-55.9747
0.0136	-102.138
0.0134	-148.265
0.0132	-194.359
0.013	-240.321
0.0128	-286.137
0.0126	-331.809
0.0124	-377.151
0.0122	-422.306
0.012	-466.91
0.0118	-510.855
0.0116	-554.159
0.0114	-596.45
0.0112	-637.69
0.011	-677.044
0.0108	-713.572
0.0106	-743.283
0.0104	-760.328
0.0102	-773.826
0.01	-785.816
0.0098	-796.896
0.0096	-807.268
0.0094	-817.111
0.0092	-826.613
0.009	-835.84
0.0088	-844.805
0.0086	-853.481
0.0084	-861.914
0.0082	-870.12
0.008	-878.143
0.0078	-885.992
0.0076	-893.644
0.0074	-901.118
0.0072	-908.395
0.007	-915.476
0.0068	-922.322
0.0066	-928.325
0.0064	-933.898
0.0062	-939.359
0.006	-944.725
0.0058	-950.041
0.0056	-955.316
0.0054	-960.551
0.0052	-965.725
0.005	-970.85
0.0048	-975.907
0.0046	-980.927
0.0044	-985.911
0.0042	-990.862
0.004	-995.781
0.0038	-1000.67
0.0036	-1005.52
0.0034	-1010.34
0.0032	-1015.12
0.003	-1019.87
0.0028	-1024.59
0.0026	-1029.27
0.0024	-1033.92
0.0022	-1038.54
0.002	-1043.14
0.0018	-1047.7
0.0016	-1052.23
0.0014	-1056.73
0.0012	-1061.21
0.001	-1065.65
0.0008	-1070.07
0.0006	-1074.45
0.0004	-1078.81
0.0002	-1083.14
3.37508E-015	-1087.45
-0.0002	-1091.72
-0.0004	-1095.97
-0.0006	-1100.19
-0.0008	-1104.39
-0.001	-1108.56
-0.0012	-1112.7
-0.0014	-1116.81
-0.0016	-1120.9
-0.0018	-1124.97
-0.002	-1129.01
-0.0022	-1133.02
-0.0024	-1137
-0.0026	-1140.97
-0.0028	-1144.9
-0.003	-1148.81
-0.0032	-1152.7
-0.0034	-1156.57
-0.0036	-1160.41
-0.0038	-1164.22
-0.004	-1168.01
-0.0042	-1171.78
-0.0044	-1175.53
-0.0046	-1179.25
-0.0048	-1182.95
-0.005	-1186.63
-0.0052	-1190.28
-0.0054	-1193.91
-0.0056	-1197.52
-0.0058	-1201.11
-0.006	-1204.67
-0.0062	-1208.22
-0.0064	-1211.74
-0.0066	-1215.24
-0.0068	-1218.72
-0.007	-1222.17
-0.0072	-1225.61
-0.0074	-1229.02
-0.0076	-1232.41
-0.0078	-1235.79
-0.008	-1239.14
-0.0082	-1242.47
-0.0084	-1245.78
-0.0086	-1249.07
-0.0088	-1252.35
-0.009	-1255.6
-0.0092	-1258.83
-0.0094	-1262.04
-0.0096	-1265.24
-0.0098	-1268.41
-0.01	-1271.57
-0.0102	-1274.7
-0.0104	-1277.82
-0.0106	-1280.92
-0.0108	-1284
-0.011	-1287.07
-0.0112	-1290.11
-0.0114	-1293.14
-0.0116	-1296.14
-0.0118	-1299.14
-0.012	-1302.11
-0.0122	-1305.06
-0.0124	-1308
-0.0126	-1310.92
-0.0128	-1313.83
-0.013	-1316.71
-0.0132	-1319.58
-0.0134	-1322.44
-0.0136	-1325.27
-0.0138	-1328.09
-0.014	-1330.9
-0.0142	-1333.68
-0.0144	-1336.45
-0.0146	-1339.21
-0.0148	-1341.95
-0.015	-1344.67
-0.0152	-1347.38
-0.0154	-1350.07
-0.0156	-1352.75
-0.0158	-1355.41
-0.016	-1358.06
-0.0162	-1360.69
-0.0164	-1363.3
-0.0166	-1365.91
-0.0168	-1368.49
-0.017	-1371.07
-0.0172	-1373.62
-0.0174	-1376.17
-0.0176	-1378.7
-0.0178	-1381.21
-0.018	-1383.71
-0.0182	-1386.2
-0.0184	-1388.67
-0.0186	-1391.13
-0.0188	-1393.58
-0.019	-1396.01
-0.0192	-1398.43
-0.0194	-1400.84
-0.0196	-1403.23
-0.0198	-1405.61
-0.02	-1407.98
-0.0198	-1361.05
-0.0196	-1314.12
-0.0194	-1267.19
-0.0192	-1220.25
-0.019	-1173.32
-0.0188	-1126.39
-0.0186	-1079.46
-0.0184	-1032.53
-0.0182	-985.603
-0.018	-938.672
-0.0178	-891.742
-0.0176	-844.812
-0.0174	-797.881
-0.0172	-750.951
-0.017	-704.02
-0.0168	-657.09
-0.0166	-610.16
-0.0164	-563.229
-0.0162	-516.299
-0.016	-469.368
-0.0158	-422.55
-0.0156	-375.797
-0.0154	-329.072
-0.0152	-282.352
-0.015	-235.676
-0.0148	-189.013
-0.0146	-142.453
-0.0144	-95.9626
-0.0142	-49.5083
-0.014	-3.07164
-0.0138	43.1796
-0.0136	89.3431
-0.0134	135.47
-0.0132	181.565
-0.013	227.529
-0.0128	273.347
-0.0126	319.028
-0.0124	364.376
-0.0122	409.546
-0.012	454.189
-0.0118	498.214
-0.0116	541.643
-0.0114	584.093
-0.0112	625.543
-0.011	665.466
-0.0108	703.105
-0.0106	736.783
-0.0104	759.412
-0.0102	774.289
-0.01	787.236
-0.0098	798.982
-0.0096	809.939
-0.0094	820.247
-0.0092	830.056
-0.009	839.57
-0.0088	848.785
-0.0086	857.757
-0.0084	866.482
-0.0082	874.951
-0.008	883.184
-0.0078	891.218
-0.0076	899.089
-0.0074	906.804
-0.0072	914.336
-0.007	921.703
-0.0068	928.901
-0.0066	935.912
-0.0064	942.748
-0.0062	949.304
-0.006	954.916
-0.0058	960.333
-0.0056	965.628
-0.0054	970.857
-0.0052	976.037
-0.005	981.177
-0.0048	986.28
-0.0046	991.326
-0.0044	996.33
-0.0042	1001.26
-0.004	1006.16
-0.0038	1011.01
-0.0036	1015.84
-0.0034	1020.64
-0.0032	1025.4
-0.003	1030.13
-0.0028	1034.83
-0.0026	1039.49
-0.0024	1044.12
-0.0022	1048.72
-0.002	1053.29
-0.0018	1057.82
-0.0016	1062.33
-0.0014	1066.8
-0.0012	1071.25
-0.001	1075.67
-0.0008	1080.05
-0.0006	1084.41
-0.0004	1088.74
-0.0002	1093.05
-4.22774E-015	1097.32
0.0002	1101.57
0.0004	1105.79
0.0006	1109.98
0.0008	1114.14
0.001	1118.28
0.0012	1122.4
0.0014	1126.48
0.0016	1130.54
0.0018	1134.58
0.002	1138.58
0.0022	1142.57
0.0024	1146.52
0.0026	1150.46
0.0028	1154.36
0.003	1158.25
0.0032	1162.11
0.0034	1165.94
0.0036	1169.75
0.0038	1173.53
0.004	1177.29
0.0042	1181.03
0.0044	1184.75
0.0046	1188.44
0.0048	1192.11
0.005	1195.75
0.0052	1199.38
0.0054	1202.98
0.0056	1206.56
0.0058	1210.11
0.006	1213.65
0.0062	1217.16
0.0064	1220.65
0.0066	1224.12
0.0068	1227.57
0.007	1230.99
0.0072	1234.4
0.0074	1237.78
0.0076	1241.15
0.0078	1244.49
0.008	1247.82
0.0082	1251.12
0.0084	1254.4
0.0086	1257.66
0.0088	1260.91
0.009	1264.13
0.0092	1267.33
0.0094	1270.51
0.0096	1273.68
0.0098	1276.82
0.01	1279.95
0.0102	1283.06
0.0104	1286.14
0.0106	1289.21
0.0108	1292.27
0.011	1295.3
0.0112	1298.31
0.0114	1301.31
0.0116	1304.29
0.0118	1307.25
0.012	1310.2
0.0122	1313.12
0.0124	1316.03
0.0126	1318.92
0.0128	1321.8
0.013	1324.66
0.0132	1327.5
0.0134	1330.32
0.0136	1333.13
0.0138	1335.93
0.014	1338.7
0.0142	1341.46
0.0144	1344.2
0.0146	1346.93
0.0148	1349.64
0.015	1352.34
0.0152	1355.02
0.0154	1357.68
0.0156	1360.33
0.0158	1362.97
0.016	1365.59
0.0162	1368.19
0.0164	1370.78
0.0166	1373.36
0.0168	1375.92
0.017	1378.46
0.0172	1380.99
0.0174	1383.51
0.0176	1386.01
0.0178	1388.5
0.018	1390.98
0.0182	1393.44
0.0184	1395.89
0.0186	1398.32
0.0188	1400.74
0.019	1403.15
0.0192	1405.54
0.0194	1407.92
0.0196	1410.29
0.0198	1412.65
0.02	1414.99
0.0198	1368.06
0.0196	1321.13
0.0194	1274.2
0.0192	1227.27
0.019	1180.34
0.0188	1133.41
0.0186	1086.48
0.0184	1039.55
0.0182	992.615
0.018	945.684
0.0178	898.754
0.0176	851.824
0.0174	804.893
0.0172	757.963
0.017	711.032
0.0168	664.102
0.0166	617.172
0.0164	570.241
0.0162	523.311
0.016	476.38
0.0158	429.561
0.0156	382.808
0.0154	336.084
0.0152	289.364
0.015	242.688
0.0148	196.024
0.0146	149.465
0.0144	102.975
0.0142	56.5205
0.014	10.0839
0.0138	-36.1676
0.0136	-82.3312
0.0134	-128.459
0.0132	-174.553
0.013	-220.518
0.0128	-266.336
0.0126	-312.02
0.0124	-357.369
0.0122	-402.543
0.012	-447.198
0.0118	-491.244
0.0116	-534.706
0.0114	-577.245
0.0112	-618.756
0.011	-658.939
0.0108	-696.931
0.0106	-731.655
0.0104	-757.843
0.0102	-773.881
0.01	-787.463
0.0098	-799.691
0.0096	-810.984
0.0094	-821.65
0.0092	-831.713
0.009	-841.384
0.0088	-850.796
0.0086	-859.919
0.0084	-868.814
0.0082	-877.473
0.008	-885.896
0.0078	-894.072
0.0076	-902.059
0.0074	-909.89
0.0072	-917.568
0.007	-925.089
0.0068	-932.444
0.0066	-939.63
0.0064	-946.677
0.0062	-953.543
0.006	-960.241
0.0058	-966.675
0.0056	-972.166
0.0054	-977.487
0.0052	-982.69
0.005	-987.83
0.0048	-992.921
0.0046	-997.972
0.0044	-1002.99
0.0042	-1007.96
0.004	-1012.88
0.0038	-1017.74
0.0036	-1022.55
0.0034	-1027.33
0.0032	-1032.07
0.003	-1036.78
0.0028	-1041.46
0.0026	-1046.11
0.0024	-1050.73
0.0022	-1055.32
0.002	-1059.87
0.0018	-1064.39
0.0016	-1068.88
0.0014	-1073.34
0.0012	-1077.77
0.001	-1082.16
0.0008	-1086.53
0.0006	-1090.87
0.0004	-1095.18
0.0002	-1099.47
5.0804E-015	-1103.72
-0.0002	-1107.95
-0.0004	-1112.15
-0.0006	-1116.33
-0.0008	-1120.47
-0.001	-1124.59
-0.0012	-1128.68
-0.0014	-1132.75
-0.0016	-1136.79
-0.0018	-1140.8
-0.002	-1144.79
-0.0022	-1148.75
-0.0024	-1152.69
-0.0026	-1156.6
-0.0028	-1160.49
-0.003	-1164.35
-0.0032	-1168.19
-0.0034	-1172
-0.0036	-1175.79
-0.0038	-1179.55
-0.004	-1183.3
-0.0042	-1187.01
-0.0044	-1190.71
-0.0046	-1194.38
-0.0048	-1198.03
-0.005	-1201.65
-0.0052	-1205.25
-0.0054	-1208.83
-0.0056	-1212.39
-0.0058	-1215.93
-0.006	-1219.44
-0.0062	-1222.93
-0.0064	-1226.4
-0.0066	-1229.85
-0.0068	-1233.28
-0.007	-1236.68
-0.0072	-1240.07
-0.0074	-1243.43
-0.0076	-1246.78
-0.0078	-1250.1
-0.008	-1253.4
-0.0082	-1256.68
-0.0084	-1259.95
-0.0086	-1263.19
-0.0088	-1266.41
-0.009	-1269.62
-0.0092	-1272.8
-0.0094	-1275.96
-0.0096	-1279.11
-0.0098	-1282.23
-0.01	-1285.34
-0.0102	-1288.43
-0.0104	-1291.5
-0.0106	-1294.55
-0.0108	-1297.58
-0.011	-1300.59
-0.0112	-1303.59
-0.0114	-1306.57
-0.0116	-1309.53
-0.0118	-1312.47
-0.012	-1315.39
-0.0122	-1318.3
-0.0124	-1321.19
-0.0126	-1324.06
-0.0128	-1326.92
-0.013	-1329.76
-0.0132	-1332.58
-0.0134	-1335.39
-0.0136	-1338.18
-0.0138	-1340.95
-0.014	-1343.71
-0.0142	-1346.45
-0.0144	-1349.17
-0.0146	-1351.88
-0.0148	-1354.57
-0.015	-1357.25
-0.0152	-1359.91
-0.0154	-1362.56
-0.0156	-1365.19
-0.0158	-1367.81
-0.016	-1370.41
-0.0162	-1373
-0.0164	-1375.57
-0.0166	-1378.13
-0.0168	-1380.67
-0.017	-1383.2
-0.0172	-1385.71
-0.0174	-1388.21
-0.0176	-1390.7
-0.0178	-1393.17
-0.018	-1395.62
-0.0182	-1398.07
-0.0184	-1400.5
-0.0186	-1402.92
-0.0188	-1405.32
-0.019	-1407.71
-0.0192	-1410.09
-0.0194	-1412.45
-0.0196	-1414.8
-0.0198	-1417.14
-0.02	-1419.47
-0.0198	-1372.54
-0.0196	-1325.6
-0.0194	-1278.67
-0.0192	-1231.74
-0.019	-1184.81
-0.0188	-1137.88
-0.0186	-1090.95
-0.0184	-1044.02
-0.0182	-997.092
-0.018	-950.162
-0.0178	-903.231
-0.0176	-856.301
-0.0174	-809.37
-0.0172	-762.44
-0.017	-715.51
-0.0168	-668.579
-0.0166	-621.649
-0.0164	-574.718
-0.0162	-527.788
-0.016	-480.857
-0.0158	-434.038
-0.0156	-387.285
-0.0154	-340.56
-0.0152	-293.841
-0.015	-247.165
-0.0148	-200.501
-0.0146	-153.943
-0.0144	-107.452
-0.0142	-60.9977
-0.014	-14.561
-0.0138	31.6906
-0.0136	77.8543
-0.0134	123.982
-0.0132	170.076
-0.013	216.041
-0.0128	261.859
-0.0126	307.544
-0.0124	352.893
-0.0122	398.068
-0.012	442.726
-0.0118	486.78
-0.0116	530.263
-0.0114	572.813
-0.0112	614.355
-0.011	654.649
-0.0108	692.775
-0.0106	727.887
-0.0104	755.804
-0.0102	772.763
-0.01	786.731
-0.0098	799.249
-0.0096	810.771
-0.0094	821.626
-0.0092	831.901
-0.009	841.657
-0.0088	851.213
-0.0086	860.471
-0.0084	869.461
-0.0082	878.219
-0.008	886.768
-0.0078	895.083
-0.0076	903.152
-0.0074	911.063
-0.0072	918.823
-0.007	926.424
-0.0068	933.888
-0.0066	941.188
-0.0064	948.335
-0.0062	955.332
-0.006	962.174
-0.0058	968.862
-0.0056	975.341
-0.0054	981.159
-0.0052	986.447
-0.005	991.657
-0.0048	996.75
-0.0046	1001.8
-0.0044	1006.81
-0.0042	1011.78
-0.004	1016.72
-0.0038	1021.6
-0.0036	1026.45
-0.0034	1031.23
-0.0032	1035.96
-0.003	1040.67
-0.0028	1045.34
-0.0026	1049.98
-0.0024	1054.59
-0.0022	1059.16
-0.002	1063.71
-0.0018	1068.23
-0.0016	1072.71
-0.0014	1077.16
-0.0012	1081.58
-0.001	1085.97
-0.0008	1090.33
-0.0006	1094.66
-0.0004	1098.96
-0.0002	1103.23
-5.93301E-015	1107.48
0.0002	1111.69
0.0004	1115.89
0.0006	1120.05
0.0008	1124.18
0.001	1128.29
0.0012	1132.37
0.0014	1136.43
0.0016	1140.46
0.0018	1144.46
0.002	1148.44
0.0022	1152.39
0.0024	1156.31
0.0026	1160.21
0.0028	1164.09
0.003	1167.94
0.0032	1171.76
0.0034	1175.57
0.0036	1179.35
0.0038	1183.1
0.004	1186.83
0.0042	1190.53
0.0044	1194.22
0.0046	1197.88
0.0048	1201.51
0.005	1205.13
0.0052	1208.72
0.0054	1212.29
0.0056	1215.83
0.0058	1219.36
0.006	1222.86
0.0062	1226.34
0.0064	1229.79
0.0066	1233.23
0.0068	1236.64
0.007	1240.04
0.0072	1243.41
0.0074	1246.76
0.0076	1250.1
0.0078	1253.41
0.008	1256.7
0.0082	1259.97
0.0084	1263.22
0.0086	1266.45
0.0088	1269.66
0.009	1272.85
0.0092	1276.02
0.0094	1279.18
0.0096	1282.31
0.0098	1285.42
0.01	1288.52
0.0102	1291.6
0.0104	1294.65
0.0106	1297.69
0.0108	1300.71
0.011	1303.72
0.0112	1306.7
0.0114	1309.67
0.0116	1312.62
0.0118	1315.55
0.012	1318.46
0.0122	1321.36
0.0124	1324.23
0.0126	1327.1
0.0128	1329.94
0.013	1332.77
0.0132	1335.58
0.0134	1338.37
0.0136	1341.15
0.0138	1343.91
0.014	1346.66
0.0142	1349.39
0.0144	1352.1
0.0146	1354.8
0.0148	1357.48
0.015	1360.15
0.0152	1362.8
0.0154	1365.44
0.0156	1368.06
0.0158	1370.66
0.016	1373.26
0.0162	1375.83
0.0164	1378.39
0.0166	1380.94
0.0168	1383.47
0.017	1385.99
0.0172	1388.49
0.0174	1390.98
0.0176	1393.46
0.0178	1395.92
0.018	1398.37
0.0182	1400.8
0.0184	1403.22
0.0186	1405.63
0.0188	1408.02
0.019	1410.4
0.0192	1412.77
0.0194	1415.12
0.0196	1417.46
0.0198	1419.79
0.02	1422.11
0.0198	1375.18
0.0196	1328.25
0.0194	1281.32
0.0192	1234.39
0.019	1187.46
0.0188	1140.53
0.0186	1093.59
0.0184	1046.66
0.0182	999.734
0.018	952.804
0.0178	905.873
0.0176	858.943
0.0174	812.012
0.0172	765.082
0.017	718.152
0.0168	671.221
0.0166	624.291
0.0164	577.36
0.0162	530.43
0.016	483.5
0.0158	436.681
0.0156	389.927
0.0154	343.203
0.0152	296.483
0.015	249.807
0.0148	203.143
0.0146	156.585
0.0144	110.094
0.0142	63.6399
0.014	17.2033
0.0138	-29.0484
0.0136	-75.2122
0.0134	-121.34
0.0132	-167.434
0.013	-213.399
0.0128	-259.218
0.0126	-304.902
0.0124	-350.251
0.0122	-395.427
0.012	-440.085
0.0118	-484.141
0.0116	-527.639
0.0114	-570.187
0.0112	-611.746
0.011	-652.069
0.0108	-690.266
0.0106	-725.552
0.0104	-754.317
0.0102	-771.859
0.01	-786.034
0.0098	-798.696
0.0096	-810.416
0.0094	-821.393
0.0092	-831.804
0.009	-841.699
0.0088	-851.263
0.0086	-860.594
0.0084	-869.658
0.0082	-878.493
0.008	-887.101
0.0078	-895.507
0.0076	-903.662
0.0074	-911.617
0.0072	-919.43
0.007	-927.094
0.0068	-934.608
0.0066	-941.986
0.0064	-949.198
0.0062	-956.27
0.006	-963.199
0.0058	-969.976
0.0056	-976.598
0.0054	-983.017
0.0052	-988.806
0.005	-994.05
0.0048	-999.216
0.0046	-1004.27
0.0044	-1009.29
0.0042	-1014.25
0.004	-1019.18
0.0038	-1024.08
0.0036	-1028.94
0.0034	-1033.74
0.0032	-1038.51
0.003	-1043.2
0.0028	-1047.86
0.0026	-1052.5
0.0024	-1057.1
0.0022	-1061.67
0.002	-1066.21
0.0018	-1070.72
0.0016	-1075.2
0.0014	-1079.65
0.0012	-1084.06
0.001	-1088.45
0.0008	-1092.81
0.0006	-1097.13
0.0004	-1101.43
0.0002	-1105.69
-2.84234E-016	-1109.93
-0.0002	-1114.14
-0.0004	-1118.32
-0.0006	-1122.48
-0.0008	-1126.61
-0.001	-1130.71
-0.0012	-1134.78
-0.0014	-1138.83
-0.0016	-1142.85
-0.0018	-1146.85
-0.002	-1150.82
-0.0022	-1154.77
-0.0024	-1158.69
-0.0026	-1162.58
-0.0028	-1166.44
-0.003	-1170.29
-0.0032	-1174.1
-0.0034	-1177.9
-0.0036	-1181.67
-0.0038	-1185.41
-0.004	-1189.14
-0.0042	-1192.84
-0.0044	-1196.51
-0.0046	-1200.16
-0.0048	-1203.79
-0.005	-1207.4
-0.0052	-1210.98
-0.0054	-1214.54
-0.0056	-1218.08
-0.0058	-1221.6
-0.006	-1225.09
-0.0062	-1228.56
-0.0064	-1232.01
-0.0066	-1235.44
-0.0068	-1238.85
-0.007	-1242.23
-0.0072	-1245.6
-0.0074	-1248.94
-0.0076	-1252.27
-0.0078	-1255.57
-0.008	-1258.85
-0.0082	-1262.12
-0.0084	-1265.36
-0.0086	-1268.58
-0.0088	-1271.78
-0.009	-1274.97
-0.0092	-1278.13
-0.0094	-1281.28
-0.0096	-1284.4
-0.0098	-1287.51
-0.01	-1290.6
-0.0102	-1293.66
-0.0104	-1296.72
-0.0106	-1299.75
-0.0108	-1302.76
-0.011	-1305.76
-0.0112	-1308.73
-0.0114	-1311.69
-0.0116	-1314.63
-0.0118	-1317.56
-0.012	-1320.46
-0.0122	-1323.35
-0.0124	-1326.23
-0.0126	-1329.08
-0.0128	-1331.92
-0.013	-1334.74
-0.0132	-1337.54
-0.0134	-1340.33
-0.0136	-1343.1
-0.0138	-1345.85
-0.014	-1348.59
-0.0142	-1351.32
-0.0144	-1354.02
-0.0146	-1356.71
-0.0148	-1359.39
-0.015	-1362.05
-0.0152	-1364.69
-0.0154	-1367.32
-0.0156	-1369.93
-0.0158	-1372.53
-0.016	-1375.12
-0.0162	-1377.69
-0.0164	-1380.24
-0.0166	-1382.78
-0.0168	-1385.31
-0.017	-1387.82
-0.0172	-1390.31
-0.0174	-1392.8
-0.0176	-1395.26
-0.0178	-1397.72
-0.018	-1400.16
-0.0182	-1402.59
-0.0184	-1405
-0.0186	-1407.4
-0.0188	-1409.79
-0.019	-1412.16
-0.0192	-1414.52
-0.0194	-1416.87
-0.0196	-1419.2
-0.0198	-1421.53
-0.02	-1423.84
-0.0198	-1376.91
-0.0196	-1329.97
-0.0194	-1283.04
-0.0192	-1236.11
-0.019	-1189.18
-0.0188	-1142.25
-0.0186	-1095.32
-0.0184	-1048.39
-0.0182	-1001.46
-0.018	-954.531
-0.0178	-907.601
-0.0176	-860.671
-0.0174	-813.74
-0.0172	-766.81
-0.017	-719.88
-0.0168	-672.949
-0.0166	-626.019
-0.0164	-579.088
-0.0162	-532.158
-0.016	-485.228
-0.0158	-438.409
-0.0156	-391.655
-0.0154	-344.93
-0.0152	-298.211
-0.015	-251.535
-0.0148	-204.871
-0.0146	-158.313
-0.0144	-111.822
-0.0142	-65.3679
-0.014	-18.9312
-0.0138	27.3205
-0.0136	73.4843
-0.0134	119.612
-0.0132	165.706
-0.013	211.671
-0.0128	257.49
-0.0126	303.174
-0.0124	348.523
-0.0122	393.699
-0.012	438.357
-0.0118	482.414
-0.0116	525.913
-0.0114	568.465
-0.0112	610.031
-0.011	650.375
-0.0108	688.596
-0.0106	723.959
-0.0104	753.108
-0.0102	771.029
-0.01	785.309
-0.0098	798.086
-0.0096	809.912
-0.0094	820.944
-0.0092	831.44
-0.009	841.414
-0.0088	851.006
-0.0086	860.401
-0.0084	869.527
-0.0082	878.402
-0.008	887.051
-0.0078	895.513
-0.0076	903.731
-0.0074	911.723
-0.0072	919.572
-0.007	927.273
-0.0068	934.821
-0.0066	942.239
-0.0064	949.507
-0.0062	956.621
-0.006	963.6
-0.0058	970.449
-0.0056	977.133
-0.0054	983.66
-0.0052	989.965
-0.005	995.456
-0.0048	1000.65
-0.0046	1005.75
-0.0044	1010.77
-0.0042	1015.75
-0.004	1020.67
-0.0038	1025.57
-0.0036	1030.43
-0.0034	1035.25
-0.0032	1040.01
-0.003	1044.75
-0.0028	1049.41
-0.0026	1054.03
-0.0024	1058.63
-0.0022	1063.2
-0.002	1067.74
-0.0018	1072.24
-0.0016	1076.72
-0.0014	1081.17
-0.0012	1085.58
-0.001	1089.97
-0.0008	1094.32
-0.0006	1098.64
-0.0004	1102.94
-0.0002	1107.2
0	1111.44
