0	-0
0.0002	46.9304
0.0004	93.8608
0.0006	140.791
0.0008	187.722
0.001	234.652
0.0012	281.582
0.0014	328.367
0.0016	375.015
0.0018	421.393
0.002	467.457
0.0022	513.169
0.0024	558.203
0.0026	601.445
0.0028	640.87
0.003	669.901
0.0032	677.839
0.0034	683.227
0.0036	687.799
0.0038	691.838
0.004	695.648
0.0042	699.288
0.0044	702.695
0.0046	705.957
0.0048	709.139
0.005	712.2
0.0052	715.179
0.0054	718.073
0.0056	720.896
0.0058	723.634
0.006	726.294
0.0062	728.906
0.0064	731.465
0.0066	733.976
0.0068	736.433
0.007	738.841
0.0072	741.21
0.0074	743.524
0.0076	745.785
0.0078	747.959
0.008	749.905
0.0082	751.814
0.0084	753.591
0.0086	755.265
0.0088	756.883
0.009	758.437
0.0092	759.975
0.0094	761.492
0.0096	762.997
0.0098	764.492
0.01	765.978
0.0102	767.454
0.0104	768.922
0.0106	770.382
0.0108	771.832
0.011	773.275
0.0112	774.709
0.0114	776.135
0.0116	777.553
0.0118	778.963
0.012	780.367
0.0122	781.762
0.0124	783.15
0.0126	784.531
0.0128	785.905
0.013	787.273
0.0132	788.634
0.0134	789.988
0.0136	791.336
0.0138	792.677
0.014	794.012
0.0142	795.341
0.0144	796.664
0.0146	797.981
0.0148	799.291
0.015	800.597
0.0152	801.896
0.0154	803.189
0.0156	804.477
0.0158	805.758
0.016	807.035
0.0162	808.305
0.0164	809.569
0.0166	810.828
0.0168	812.082
0.017	813.33
0.0172	814.572
0.0174	815.81
0.0176	817.042
0.0178	818.268
0.018	819.489
0.0182	820.705
0.0184	821.915
0.0186	823.12
0.0188	824.32
0.019	825.514
0.0192	826.703
0.0194	827.887
0.0196	829.067
0.0198	830.241
0.02	831.41
0.0198	784.479
0.0196	737.549
0.0194	690.618
0.0192	643.688
0.019	596.758
0.0188	549.827
0.0186	502.897
0.0184	455.966
0.0182	409.036
0.018	362.105
0.0178	315.175
0.0176	268.245
0.0174	221.314
0.0172	174.384
0.017	127.453
0.0168	80.5231
0.0166	33.5927
0.0164	-13.3377
0.0162	-60.2681
0.016	-107.173
0.0158	-153.921
0.0156	-200.588
0.0154	-247.242
0.0152	-293.865
0.015	-340.418
0.0148	-386.803
0.0146	-433.094
0.0144	-479.307
0.0142	-525.202
0.014	-571.014
0.0138	-616.616
0.0136	-661.828
0.0134	-706.502
0.0132	-749.962
0.013	-788.59
0.0128	-806.882
0.0126	-817.227
0.0124	-823.267
0.0122	-827.406
0.012	-830.589
0.0118	-832.971
0.0116	-835.035
0.0114	-836.931
0.0112	-838.445
0.011	-839.846
0.0108	-841.203
0.0106	-842.487
0.0104	-843.748
0.0102	-844.996
0.01	-846.23
0.0098	-847.442
0.0096	-848.639
0.0094	-849.803
0.0092	-850.951
0.009	-852.087
0.0088	-853.214
0.0086	-854.334
0.0084	-855.446
0.0082	-856.548
0.008	-857.641
0.0078	-858.726
0.0076	-859.805
0.0074	-860.874
0.0072	-861.935
0.007	-862.991
0.0068	-864.041
0.0066	-865.086
0.0064	-866.124
0.0062	-867.157
0.006	-868.184
0.0058	-869.206
0.0056	-870.223
0.0054	-871.235
0.0052	-872.239
0.005	-873.239
0.0048	-874.234
0.0046	-875.225
0.0044	-876.21
0.0042	-877.192
0.004	-878.169
0.0038	-879.141
0.0036	-880.109
0.0034	-881.073
0.0032	-882.033
0.003	-882.988
0.0028	-883.938
0.0026	-884.885
0.0024	-885.826
0.0022	-886.762
0.002	-887.694
0.0018	-888.622
0.0016	-889.546
0.0014	-890.465
0.0012	-891.381
0.001	-892.292
0.0008	-893.199
0.0006	-894.102
0.0004	-895.001
0.0002	-895.897
0	-896.788
-0.0002	-897.674
-0.0004	-898.557
-0.0006	-899.435
-0.0008	-900.309
-0.001	-901.18
-0.0012	-902.046
-0.0014	-902.909
-0.0016	-903.768
-0.0018	-904.624
-0.002	-905.476
-0.0022	-906.324
-0.0024	-907.168
-0.0026	-908.009
-0.0028	-908.845
-0.003	-909.679
-0.0032	-910.508
-0.0034	-911.334
-0.0036	-912.157
-0.0038	-912.975
-0.004	-913.791
-0.0042	-914.602
-0.0044	-915.41
-0.0046	-916.215
-0.0048	-917.016
-0.005	-917.813
-0.0052	-918.607
-0.0054	-919.397
-0.0056	-920.184
-0.0058	-920.967
-0.006	-921.747
-0.0062	-922.523
-0.0064	-923.296
-0.0066	-924.066
-0.0068	-924.832
-0.007	-925.596
-0.0072	-926.355
-0.0074	-927.111
-0.0076	-927.863
-0.0078	-928.613
-0.008	-929.359
-0.0082	-930.102
-0.0084	-930.841
-0.0086	-931.577
-0.0088	-932.31
-0.009	-933.04
-0.0092	-933.767
-0.0094	-934.489
-0.0096	-935.209
-0.0098	-935.926
-0.01	-936.639
-0.0102	-937.35
-0.0104	-938.056
-0.0106	-938.76
-0.0108	-939.461
-0.011	-940.159
-0.0112	-940.853
-0.0114	-941.544
-0.0116	-942.232
-0.0118	-942.917
-0.012	-943.599
-0.0122	-944.278
-0.0124	-944.954
-0.0126	-945.627
-0.0128	-946.297
-0.013	-946.964
-0.0132	-947.628
-0.0134	-948.289
-0.0136	-948.947
-0.0138	-949.602
-0.014	-950.254
-0.0142	-950.903
-0.0144	-951.549
-0.0146	-952.192
-0.0148	-952.832
-0.015	-953.47
-0.0152	-954.104
-0.0154	-954.736
-0.0156	-955.364
-0.0158	-955.99
-0.016	-956.613
-0.0162	-957.234
-0.0164	-957.851
-0.0166	-958.466
-0.0168	-959.078
-0.017	-959.687
-0.0172	-960.293
-0.0174	-960.896
-0.0176	-961.497
-0.0178	-962.095
-0.018	-962.691
-0.0182	-963.283
-0.0184	-963.873
-0.0186	-964.46
-0.0188	-965.045
-0.019	-965.626
-0.0192	-966.206
-0.0194	-966.782
-0.0196	-967.356
-0.0198	-967.927
-0.02	-968.495
-0.0198	-921.565
-0.0196	-874.635
-0.0194	-827.704
-0.0192	-780.774
-0.019	-733.843
-0.0188	-686.913
-0.0186	-639.983
-0.0184	-593.052
-0.0182	-546.122
-0.018	-499.191
-0.0178	-452.261
-0.0176	-405.331
-0.0174	-358.4
-0.0172	-311.47
-0.017	-264.539
-0.0168	-217.609
-0.0166	-170.679
-0.0164	-123.748
-0.0162	-76.8177
-0.016	-29.8879
-0.0158	16.8672
-0.0156	63.5552
-0.0154	110.217
-0.0152	156.87
-0.015	203.502
-0.0148	249.999
-0.0146	296.394
-0.0144	342.684
-0.0142	388.964
-0.014	434.953
-0.0138	480.863
-0.0136	526.684
-0.0134	572.378
-0.0132	617.864
-0.013	663.1
-0.0128	707.96
-0.0126	752.614
-0.0124	796.476
-0.0122	839.334
-0.012	880.576
-0.0118	918.137
-0.0116	937.559
-0.0114	948.328
-0.0112	954.383
-0.011	958.107
-0.0108	960.763
-0.0106	962.823
-0.0104	964.36
-0.0102	965.705
-0.01	966.981
-0.0098	968.198
-0.0096	969.354
-0.0094	970.439
-0.0092	971.476
-0.009	972.465
-0.0088	973.418
-0.0086	974.335
-0.0084	975.21
-0.0082	975.925
-0.008	976.574
-0.0078	977.202
-0.0076	977.821
-0.0074	978.431
-0.0072	979.027
-0.007	979.616
-0.0068	980.18
-0.0066	980.739
-0.0064	981.293
-0.0062	981.842
-0.006	982.386
-0.0058	982.925
-0.0056	983.457
-0.0054	983.985
-0.0052	984.506
-0.005	985.024
-0.0048	985.535
-0.0046	986.043
-0.0044	986.548
-0.0042	987.049
-0.004	987.547
-0.0038	988.041
-0.0036	988.533
-0.0034	989.021
-0.0032	989.507
-0.003	989.989
-0.0028	990.467
-0.0026	990.942
-0.0024	991.415
-0.0022	991.885
-0.002	992.352
-0.0018	992.816
-0.0016	993.277
-0.0014	993.736
-0.0012	994.192
-0.001	994.646
-0.0008	995.098
-0.0006	995.546
-0.0004	995.992
-0.0002	996.435
-8.25989E-016	996.875
0.0002	997.313
0.0004	997.748
0.0006	998.182
0.0008	998.612
0.001	999.041
0.0012	999.467
0.0014	999.892
0.0016	1000.31
0.0018	1000.73
0.002	1001.15
0.0022	1001.57
0.0024	1001.98
0.0026	1002.39
0.0028	1002.8
0.003	1003.21
0.0032	1003.61
0.0034	1004.01
0.0036	1004.41
0.0038	1004.81
0.004	1005.21
0.0042	1005.6
0.0044	1005.99
0.0046	1006.38
0.0048	1006.77
0.005	1007.16
0.0052	1007.54
0.0054	1007.93
0.0056	1008.31
0.0058	1008.68
0.006	1009.06
0.0062	1009.43
0.0064	1009.81
0.0066	1010.18
0.0068	1010.55
0.007	1010.91
0.0072	1011.28
0.0074	1011.64
0.0076	1012
0.0078	1012.36
0.008	1012.72
0.0082	1013.07
0.0084	1013.43
0.0086	1013.78
0.0088	1014.13
0.009	1014.48
0.0092	1014.83
0.0094	1015.17
0.0096	1015.51
0.0098	1015.85
0.01	1016.19
0.0102	1016.53
0.0104	1016.87
0.0106	1017.2
0.0108	1017.53
0.011	1017.86
0.0112	1018.19
0.0114	1018.52
0.0116	1018.85
0.0118	1019.17
0.012	1019.49
0.0122	1019.81
0.0124	1020.13
0.0126	1020.45
0.0128	1020.77
0.013	1021.08
0.0132	1021.39
0.0134	1021.71
0.0136	1022.02
0.0138	1022.32
0.014	1022.63
0.0142	1022.93
0.0144	1023.24
0.0146	1023.54
0.0148	1023.84
0.015	1024.14
0.0152	1024.44
0.0154	1024.73
0.0156	1025.03
0.0158	1025.32
0.016	1025.61
0.0162	1025.9
0.0164	1026.19
0.0166	1026.47
0.0168	1026.76
0.017	1027.04
0.0172	1027.32
0.0174	1027.6
0.0176	1027.88
0.0178	1028.16
0.018	1028.44
0.0182	1028.71
0.0184	1028.98
0.0186	1029.26
0.0188	1029.53
0.019	1029.8
0.0192	1030.06
0.0194	1030.33
0.0196	1030.6
0.0198	1030.86
0.02	1031.12
0.0198	984.192
0.0196	937.261
0.0194	890.331
0.0192	843.401
0.019	796.47
0.0188	749.54
0.0186	702.609
0.0184	655.679
0.0182	608.748
0.018	561.818
0.0178	514.888
0.0176	467.957
0.0174	421.027
0.0172	374.096
0.017	327.166
0.0168	280.236
0.0166	233.305
0.0164	186.375
0.0162	139.444
0.016	92.5148
0.0158	45.7596
0.0156	-0.930822
0.0154	-47.592
0.0152	-94.2443
0.015	-140.881
0.0148	-187.378
0.0146	-233.774
0.0144	-280.063
0.0142	-326.343
0.014	-372.334
0.0138	-418.264
0.0136	-464.085
0.0134	-509.806
0.0132	-555.318
0.013	-600.665
0.0128	-645.6
0.0126	-690.433
0.0124	-734.884
0.0122	-778.63
0.012	-821.566
0.0118	-863.306
0.0116	-903.62
0.0114	-942.138
0.0112	-975.062
0.011	-991.568
0.0108	-1002.59
0.0106	-1009.49
0.0104	-1013.56
0.0102	-1016.27
0.01	-1018.34
0.0098	-1020.1
0.0096	-1021.56
0.0094	-1022.79
0.0092	-1023.82
0.009	-1024.76
0.0088	-1025.64
0.0086	-1026.48
0.0084	-1027.27
0.0082	-1028.01
0.008	-1028.71
0.0078	-1029.37
0.0076	-1030.01
0.0074	-1030.62
0.0072	-1031.2
0.007	-1031.75
0.0068	-1032.28
0.0066	-1032.79
0.0064	-1033.28
0.0062	-1033.75
0.006	-1034.2
0.0058	-1034.64
0.0056	-1035.06
0.0054	-1035.48
0.0052	-1035.87
0.005	-1036.26
0.0048	-1036.64
0.0046	-1037
0.0044	-1037.36
0.0042	-1037.71
0.004	-1038.03
0.0038	-1038.33
0.0036	-1038.62
0.0034	-1038.9
0.0032	-1039.16
0.003	-1039.43
0.0028	-1039.68
0.0026	-1039.93
0.0024	-1040.15
0.0022	-1040.41
0.002	-1040.64
0.0018	-1040.88
0.0016	-1041.1
0.0014	-1041.33
0.0012	-1041.55
0.001	-1041.78
0.0008	-1042
0.0006	-1042.22
0.0004	-1042.43
0.0002	-1042.65
1.66976E-015	-1042.86
-0.0002	-1043.07
-0.0004	-1043.28
-0.0006	-1043.49
-0.0008	-1043.69
-0.001	-1043.9
-0.0012	-1044.1
-0.0014	-1044.3
-0.0016	-1044.5
-0.0018	-1044.7
-0.002	-1044.9
-0.0022	-1045.09
-0.0024	-1045.29
-0.0026	-1045.48
-0.0028	-1045.67
-0.003	-1045.86
-0.0032	-1046.05
-0.0034	-1046.24
-0.0036	-1046.43
-0.0038	-1046.61
-0.004	-1046.8
-0.0042	-1046.98
-0.0044	-1047.16
-0.0046	-1047.35
-0.0048	-1047.53
-0.005	-1047.71
-0.0052	-1047.88
-0.0054	-1048.06
-0.0056	-1048.24
-0.0058	-1048.41
-0.006	-1048.58
-0.0062	-1048.76
-0.0064	-1048.93
-0.0066	-1049.1
-0.0068	-1049.27
-0.007	-1049.44
-0.0072	-1049.6
-0.0074	-1049.77
-0.0076	-1049.94
-0.0078	-1050.1
-0.008	-1050.26
-0.0082	-1050.43
-0.0084	-1050.59
-0.0086	-1050.75
-0.0088	-1050.91
-0.009	-1051.07
-0.0092	-1051.22
-0.0094	-1051.38
-0.0096	-1051.54
-0.0098	-1051.69
-0.01	-1051.84
-0.0102	-1052
-0.0104	-1052.15
-0.0106	-1052.3
-0.0108	-1052.45
-0.011	-1052.6
-0.0112	-1052.75
-0.0114	-1052.9
-0.0116	-1053.04
-0.0118	-1053.19
-0.012	-1053.34
-0.0122	-1053.48
-0.0124	-1053.62
-0.0126	-1053.77
-0.0128	-1053.91
-0.013	-1054.05
-0.0132	-1054.19
-0.0134	-1054.33
-0.0136	-1054.47
-0.0138	-1054.61
-0.014	-1054.74
-0.0142	-1054.88
-0.0144	-1055.02
-0.0146	-1055.15
-0.0148	-1055.29
-0.015	-1055.42
-0.0152	-1055.55
-0.0154	-1055.69
-0.0156	-1055.82
-0.0158	-1055.95
-0.016	-1056.08
-0.0162	-1056.21
-0.0164	-1056.33
-0.0166	-1056.46
-0.0168	-1056.59
-0.017	-1056.72
-0.0172	-1056.84
-0.0174	-1056.97
-0.0176	-1057.09
-0.0178	-1057.21
-0.018	-1057.34
-0.0182	-1057.46
-0.0184	-1057.58
-0.0186	-1057.7
-0.0188	-1057.82
-0.019	-1057.94
-0.0192	-1058.06
-0.0194	-1058.18
-0.0196	-1058.29
-0.0198	-1058.41
-0.02	-1058.53
-0.0198	-1011.6
-0.0196	-964.667
-0.0194	-917.736
-0.0192	-870.806
-0.019	-823.875
-0.0188	-776.945
-0.0186	-730.015
-0.0184	-683.084
-0.0182	-636.154
-0.018	-589.223
-0.0178	-542.293
-0.0176	-495.363
-0.0174	-448.432
-0.0172	-401.502
-0.017	-354.571
-0.0168	-307.641
-0.0166	-260.711
-0.0164	-213.78
-0.0162	-166.85
-0.016	-119.92
-0.0158	-73.1648
-0.0156	-26.471
-0.0154	20.1893
-0.0152	66.8403
-0.015	113.48
-0.0148	159.976
-0.0146	206.37
-0.0144	252.657
-0.0142	298.935
-0.014	344.934
-0.0138	390.862
-0.0136	436.677
-0.0134	482.394
-0.0132	527.901
-0.013	573.256
-0.0128	618.191
-0.0126	663.02
-0.0124	707.499
-0.0122	751.28
-0.012	794.313
-0.0118	836.295
-0.0116	876.937
-0.0114	916.172
-0.0112	953.017
-0.011	986.879
-0.0108	1006.92
-0.0106	1018.84
-0.0104	1027.71
-0.0102	1033.36
-0.01	1036.85
-0.0098	1039.31
-0.0096	1041.31
-0.0094	1043.06
-0.0092	1044.54
-0.009	1045.82
-0.0088	1046.91
-0.0086	1047.85
-0.0084	1048.71
-0.0082	1049.52
-0.008	1050.27
-0.0078	1050.96
-0.0076	1051.59
-0.0074	1052.19
-0.0072	1052.75
-0.007	1053.27
-0.0068	1053.77
-0.0066	1054.24
-0.0064	1054.68
-0.0062	1055.11
-0.006	1055.51
-0.0058	1055.9
-0.0056	1056.25
-0.0054	1056.6
-0.0052	1056.93
-0.005	1057.25
-0.0048	1057.55
-0.0046	1057.84
-0.0044	1058.12
-0.0042	1058.39
-0.004	1058.65
-0.0038	1058.9
-0.0036	1059.15
-0.0034	1059.38
-0.0032	1059.61
-0.003	1059.83
-0.0028	1060.04
-0.0026	1060.24
-0.0024	1060.44
-0.0022	1060.64
-0.002	1060.83
-0.0018	1061.01
-0.0016	1061.19
-0.0014	1061.37
-0.0012	1061.54
-0.001	1061.7
-0.0008	1061.87
-0.0006	1062.02
-0.0004	1062.18
-0.0002	1062.33
-2.52242E-015	1062.48
0.0002	1062.62
0.0004	1062.76
0.0006	1062.9
0.0008	1063.04
0.001	1063.17
0.0012	1063.31
0.0014	1063.43
0.0016	1063.56
0.0018	1063.67
0.002	1063.77
0.0022	1063.9
0.0024	1064.01
0.0026	1064.12
0.0028	1064.22
0.003	1064.31
0.0032	1064.42
0.0034	1064.52
0.0036	1064.62
0.0038	1064.71
0.004	1064.81
0.0042	1064.9
0.0044	1064.99
0.0046	1065.08
0.0048	1065.17
0.005	1065.26
0.0052	1065.34
0.0054	1065.43
0.0056	1065.52
0.0058	1065.6
0.006	1065.68
0.0062	1065.77
0.0064	1065.85
0.0066	1065.93
0.0068	1066.01
0.007	1066.09
0.0072	1066.17
0.0074	1066.25
0.0076	1066.33
0.0078	1066.4
0.008	1066.47
0.0082	1066.56
0.0084	1066.63
0.0086	1066.7
0.0088	1066.78
0.009	1066.85
0.0092	1066.93
0.0094	1067
0.0096	1067.07
0.0098	1067.14
0.01	1067.21
0.0102	1067.28
0.0104	1067.35
0.0106	1067.42
0.0108	1067.49
0.011	1067.56
0.0112	1067.62
0.0114	1067.69
0.0116	1067.76
0.0118	1067.83
0.012	1067.89
0.0122	1067.96
0.0124	1068.02
0.0126	1068.09
0.0128	1068.15
0.013	1068.22
0.0132	1068.28
0.0134	1068.35
0.0136	1068.41
0.0138	1068.47
0.014	1068.53
0.0142	1068.6
0.0144	1068.66
0.0146	1068.72
0.0148	1068.78
0.015	1068.84
0.0152	1068.9
0.0154	1068.96
0.0156	1069.02
0.0158	1069.08
0.016	1069.14
0.0162	1069.19
0.0164	1069.25
0.0166	1069.31
0.0168	1069.37
0.017	1069.42
0.0172	1069.48
0.0174	1069.54
0.0176	1069.59
0.0178	1069.65
0.018	1069.7
0.0182	1069.76
0.0184	1069.81
0.0186	1069.86
0.0188	1069.92
0.019	1069.97
0.0192	1070.03
0.0194	1070.08
0.0196	1070.13
0.0198	1070.18
0.02	1070.23
0.0198	1023.3
0.0196	976.374
0.0194	929.444
0.0192	882.513
0.019	835.583
0.0188	788.652
0.0186	741.722
0.0184	694.792
0.0182	647.861
0.018	600.931
0.0178	554
0.0176	507.07
0.0174	460.14
0.0172	413.209
0.017	366.279
0.0168	319.348
0.0166	272.418
0.0164	225.488
0.0162	178.557
0.016	131.628
0.0158	84.8721
0.0156	38.1763
0.0154	-8.48337
0.0152	-55.1335
0.015	-101.773
0.0148	-148.269
0.0146	-194.663
0.0144	-240.948
0.0142	-287.225
0.014	-333.225
0.0138	-379.154
0.0136	-424.966
0.0134	-470.68
0.0132	-516.183
0.013	-561.541
0.0128	-606.476
0.0126	-651.299
0.0124	-695.778
0.0122	-739.573
0.012	-782.579
0.0118	-824.42
0.0116	-865.055
0.0114	-904.308
0.0112	-941.374
0.011	-976.048
0.0108	-1004.52
0.0106	-1019.37
0.0104	-1029.84
0.0102	-1037.19
0.01	-1042.11
0.0098	-1045.17
0.0096	-1047.67
0.0094	-1049.8
0.0092	-1051.73
0.009	-1053.28
0.0088	-1054.58
0.0086	-1055.72
0.0084	-1056.76
0.0082	-1057.66
0.008	-1058.49
0.0078	-1059.26
0.0076	-1059.98
0.0074	-1060.65
0.0072	-1061.25
0.007	-1061.82
0.0068	-1062.35
0.0066	-1062.85
0.0064	-1063.31
0.0062	-1063.74
0.006	-1064.14
0.0058	-1064.53
0.0056	-1064.89
0.0054	-1065.23
0.0052	-1065.56
0.005	-1065.87
0.0048	-1066.16
0.0046	-1066.43
0.0044	-1066.69
0.0042	-1066.94
0.004	-1067.17
0.0038	-1067.4
0.0036	-1067.61
0.0034	-1067.82
0.0032	-1068.02
0.003	-1068.21
0.0028	-1068.39
0.0026	-1068.57
0.0024	-1068.74
0.0022	-1068.91
0.002	-1069.07
0.0018	-1069.22
0.0016	-1069.37
0.0014	-1069.51
0.0012	-1069.65
0.001	-1069.78
0.0008	-1069.91
0.0006	-1070.04
0.0004	-1070.16
0.0002	-1070.27
3.37508E-015	-1070.39
-0.0002	-1070.5
-0.0004	-1070.61
-0.0006	-1070.71
-0.0008	-1070.81
-0.001	-1070.91
-0.0012	-1071.01
-0.0014	-1071.11
-0.0016	-1071.2
-0.0018	-1071.29
-0.002	-1071.38
-0.0022	-1071.46
-0.0024	-1071.55
-0.0026	-1071.63
-0.0028	-1071.71
-0.003	-1071.79
-0.0032	-1071.86
-0.0034	-1071.94
-0.0036	-1072.01
-0.0038	-1072.08
-0.004	-1072.15
-0.0042	-1072.22
-0.0044	-1072.29
-0.0046	-1072.36
-0.0048	-1072.42
-0.005	-1072.49
-0.0052	-1072.55
-0.0054	-1072.61
-0.0056	-1072.67
-0.0058	-1072.73
-0.006	-1072.79
-0.0062	-1072.85
-0.0064	-1072.9
-0.0066	-1072.96
-0.0068	-1073.01
-0.007	-1073.07
-0.0072	-1073.12
-0.0074	-1073.17
-0.0076	-1073.23
-0.0078	-1073.28
-0.008	-1073.33
-0.0082	-1073.38
-0.0084	-1073.43
-0.0086	-1073.47
-0.0088	-1073.52
-0.009	-1073.56
-0.0092	-1073.61
-0.0094	-1073.65
-0.0096	-1073.69
-0.0098	-1073.73
-0.01	-1073.77
-0.0102	-1073.81
-0.0104	-1073.85
-0.0106	-1073.89
-0.0108	-1073.93
-0.011	-1073.97
-0.0112	-1074
-0.0114	-1074.04
-0.0116	-1074.08
-0.0118	-1074.11
-0.012	-1074.15
-0.0122	-1074.18
-0.0124	-1074.22
-0.0126	-1074.25
-0.0128	-1074.29
-0.013	-1074.32
-0.0132	-1074.35
-0.0134	-1074.39
-0.0136	-1074.42
-0.0138	-1074.45
-0.014	-1074.48
-0.0142	-1074.51
-0.0144	-1074.55
-0.0146	-1074.58
-0.0148	-1074.61
-0.015	-1074.64
-0.0152	-1074.67
-0.0154	-1074.7
-0.0156	-1074.73
-0.0158	-1074.75
-0.016	-1074.78
-0.0162	-1074.81
-0.0164	-1074.84
-0.0166	-1074.87
-0.0168	-1074.9
-0.017	-1074.93
-0.0172	-1074.95
-0.0174	-1074.98
-0.0176	-1075.01
-0.0178	-1075.04
-0.018	-1075.06
-0.0182	-1075.09
-0.0184	-1075.12
-0.0186	-1075.14
-0.0188	-1075.17
-0.019	-1075.19
-0.0192	-1075.22
-0.0194	-1075.24
-0.0196	-1075.27
-0.0198	-1075.29
-0.02	-1075.32
-0.0198	-1028.39
-0.0196	-981.458
-0.0194	-934.528
-0.0192	-887.598
-0.019	-840.667
-0.0188	-793.737
-0.0186	-746.806
-0.0184	-699.876
-0.0182	-652.946
-0.018	-606.015
-0.0178	-559.085
-0.0176	-512.154
-0.0174	-465.224
-0.0172	-418.294
-0.017	-371.363
-0.0168	-324.433
-0.0166	-277.502
-0.0164	-230.572
-0.0162	-183.642
-0.016	-136.712
-0.0158	-89.9564
-0.0156	-43.2597
-0.0154	3.39962
-0.0152	50.0493
-0.015	96.6879
-0.0148	143.184
-0.0146	189.577
-0.0144	235.862
-0.0142	282.138
-0.014	328.14
-0.0138	374.068
-0.0136	419.879
-0.0134	465.591
-0.0132	511.093
-0.013	556.452
-0.0128	601.387
-0.0126	646.206
-0.0124	690.687
-0.0122	734.44
-0.012	777.299
-0.0118	819.136
-0.0116	859.787
-0.0114	898.914
-0.0112	936.057
-0.011	970.822
-0.0108	1000.69
-0.0106	1018.98
-0.0104	1029.9
-0.0102	1037.67
-0.01	1043
-0.0098	1046.39
-0.0096	1049.13
-0.0094	1051.51
-0.0092	1053.68
-0.009	1055.47
-0.0088	1056.97
-0.0086	1058.26
-0.0084	1059.42
-0.0082	1060.47
-0.008	1061.43
-0.0078	1062.27
-0.0076	1063.06
-0.0074	1063.78
-0.0072	1064.45
-0.007	1065.07
-0.0068	1065.63
-0.0066	1066.16
-0.0064	1066.65
-0.0062	1067.12
-0.006	1067.55
-0.0058	1067.96
-0.0056	1068.34
-0.0054	1068.7
-0.0052	1069.03
-0.005	1069.35
-0.0048	1069.65
-0.0046	1069.93
-0.0044	1070.2
-0.0042	1070.45
-0.004	1070.69
-0.0038	1070.91
-0.0036	1071.13
-0.0034	1071.33
-0.0032	1071.53
-0.003	1071.71
-0.0028	1071.89
-0.0026	1072.06
-0.0024	1072.22
-0.0022	1072.38
-0.002	1072.53
-0.0018	1072.67
-0.0016	1072.81
-0.0014	1072.94
-0.0012	1073.07
-0.001	1073.19
-0.0008	1073.31
-0.0006	1073.42
-0.0004	1073.53
-0.0002	1073.64
-4.22774E-015	1073.74
0.0002	1073.84
0.0004	1073.94
0.0006	1074.03
0.0008	1074.12
0.001	1074.21
0.0012	1074.3
0.0014	1074.38
0.0016	1074.46
0.0018	1074.54
0.002	1074.61
0.0022	1074.68
0.0024	1074.76
0.0026	1074.82
0.0028	1074.89
0.003	1074.96
0.0032	1075.02
0.0034	1075.08
0.0036	1075.14
0.0038	1075.2
0.004	1075.26
0.0042	1075.31
0.0044	1075.37
0.0046	1075.42
0.0048	1075.47
0.005	1075.53
0.0052	1075.58
0.0054	1075.63
0.0056	1075.67
0.0058	1075.72
0.006	1075.77
0.0062	1075.81
0.0064	1075.86
0.0066	1075.9
0.0068	1075.94
0.007	1075.98
0.0072	1076.02
0.0074	1076.06
0.0076	1076.1
0.0078	1076.14
0.008	1076.18
0.0082	1076.21
0.0084	1076.25
0.0086	1076.29
0.0088	1076.32
0.009	1076.35
0.0092	1076.39
0.0094	1076.42
0.0096	1076.45
0.0098	1076.49
0.01	1076.52
0.0102	1076.55
0.0104	1076.58
0.0106	1076.61
0.0108	1076.64
0.011	1076.67
0.0112	1076.7
0.0114	1076.72
0.0116	1076.75
0.0118	1076.78
0.012	1076.81
0.0122	1076.83
0.0124	1076.86
0.0126	1076.89
0.0128	1076.91
0.013	1076.94
0.0132	1076.96
0.0134	1076.99
0.0136	1077.01
0.0138	1077.04
0.014	1077.06
0.0142	1077.08
0.0144	1077.11
0.0146	1077.13
0.0148	1077.15
0.015	1077.17
0.0152	1077.19
0.0154	1077.22
0.0156	1077.24
0.0158	1077.26
0.016	1077.28
0.0162	1077.3
0.0164	1077.32
0.0166	1077.34
0.0168	1077.36
0.017	1077.37
0.0172	1077.39
0.0174	1077.41
0.0176	1077.43
0.0178	1077.45
0.018	1077.46
0.0182	1077.48
0.0184	1077.5
0.0186	1077.51
0.0188	1077.53
0.019	1077.55
0.0192	1077.56
0.0194	1077.58
0.0196	1077.59
0.0198	1077.61
0.02	1077.62
0.0198	1030.69
0.0196	983.763
0.0194	936.832
0.0192	889.902
0.019	842.971
0.0188	796.041
0.0186	749.111
0.0184	702.18
0.0182	655.25
0.018	608.32
0.0178	561.389
0.0176	514.459
0.0174	467.528
0.0172	420.598
0.017	373.667
0.0168	326.737
0.0166	279.807
0.0164	232.876
0.0162	185.946
0.016	139.016
0.0158	92.2607
0.0156	45.5636
0.0154	-1.09556
0.0152	-47.745
0.015	-94.3833
0.0148	-140.88
0.0146	-187.273
0.0144	-233.557
0.0142	-279.832
0.014	-325.835
0.0138	-371.763
0.0136	-417.573
0.0134	-463.285
0.0132	-508.786
0.013	-554.146
0.0128	-599.08
0.0126	-643.897
0.0124	-688.366
0.0122	-731.979
0.012	-774.849
0.0118	-816.704
0.0116	-857.317
0.0114	-896.42
0.0112	-933.61
0.011	-968.332
0.0108	-998.196
0.0106	-1018.57
0.0104	-1029.83
0.0102	-1037.59
0.01	-1042.83
0.0098	-1046.38
0.0096	-1049.26
0.0094	-1051.76
0.0092	-1054.04
0.009	-1055.96
0.0088	-1057.55
0.0086	-1058.92
0.0084	-1060.17
0.0082	-1061.3
0.008	-1062.33
0.0078	-1063.26
0.0076	-1064.12
0.0074	-1064.9
0.0072	-1065.62
0.007	-1066.29
0.0068	-1066.91
0.0066	-1067.47
0.0064	-1067.99
0.0062	-1068.47
0.006	-1068.92
0.0058	-1069.35
0.0056	-1069.75
0.0054	-1070.12
0.0052	-1070.48
0.005	-1070.81
0.0048	-1071.13
0.0046	-1071.43
0.0044	-1071.7
0.0042	-1071.96
0.004	-1072.21
0.0038	-1072.44
0.0036	-1072.66
0.0034	-1072.87
0.0032	-1073.07
0.003	-1073.26
0.0028	-1073.44
0.0026	-1073.61
0.0024	-1073.77
0.0022	-1073.93
0.002	-1074.08
0.0018	-1074.22
0.0016	-1074.36
0.0014	-1074.49
0.0012	-1074.61
0.001	-1074.73
0.0008	-1074.85
0.0006	-1074.96
0.0004	-1075.07
0.0002	-1075.17
5.0804E-015	-1075.27
-0.0002	-1075.36
-0.0004	-1075.46
-0.0006	-1075.55
-0.0008	-1075.63
-0.001	-1075.71
-0.0012	-1075.79
-0.0014	-1075.87
-0.0016	-1075.95
-0.0018	-1076.02
-0.002	-1076.09
-0.0022	-1076.16
-0.0024	-1076.23
-0.0026	-1076.29
-0.0028	-1076.35
-0.003	-1076.42
-0.0032	-1076.47
-0.0034	-1076.53
-0.0036	-1076.59
-0.0038	-1076.64
-0.004	-1076.7
-0.0042	-1076.75
-0.0044	-1076.8
-0.0046	-1076.85
-0.0048	-1076.9
-0.005	-1076.94
-0.0052	-1076.99
-0.0054	-1077.03
-0.0056	-1077.07
-0.0058	-1077.11
-0.006	-1077.15
-0.0062	-1077.19
-0.0064	-1077.23
-0.0066	-1077.27
-0.0068	-1077.31
-0.007	-1077.34
-0.0072	-1077.38
-0.0074	-1077.41
-0.0076	-1077.45
-0.0078	-1077.48
-0.008	-1077.51
-0.0082	-1077.55
-0.0084	-1077.58
-0.0086	-1077.61
-0.0088	-1077.64
-0.009	-1077.67
-0.0092	-1077.7
-0.0094	-1077.73
-0.0096	-1077.75
-0.0098	-1077.78
-0.01	-1077.81
-0.0102	-1077.83
-0.0104	-1077.86
-0.0106	-1077.88
-0.0108	-1077.91
-0.011	-1077.93
-0.0112	-1077.96
-0.0114	-1077.98
-0.0116	-1078
-0.0118	-1078.02
-0.012	-1078.05
-0.0122	-1078.07
-0.0124	-1078.09
-0.0126	-1078.11
-0.0128	-1078.13
-0.013	-1078.15
-0.0132	-1078.17
-0.0134	-1078.19
-0.0136	-1078.21
-0.0138	-1078.23
-0.014	-1078.25
-0.0142	-1078.27
-0.0144	-1078.29
-0.0146	-1078.31
-0.0148	-1078.32
-0.015	-1078.34
-0.0152	-1078.36
-0.0154	-1078.38
-0.0156	-1078.39
-0.0158	-1078.41
-0.016	-1078.43
-0.0162	-1078.44
-0.0164	-1078.46
-0.0166	-1078.47
-0.0168	-1078.49
-0.017	-1078.51
-0.0172	-1078.52
-0.0174	-1078.54
-0.0176	-1078.55
-0.0178	-1078.57
-0.018	-1078.58
-0.0182	-1078.59
-0.0184	-1078.61
-0.0186	-1078.62
-0.0188	-1078.64
-0.019	-1078.65
-0.0192	-1078.66
-0.0194	-1078.68
-0.0196	-1078.69
-0.0198	-1078.7
-0.02	-1078.71
-0.0198	-1031.78
-0.0196	-984.854
-0.0194	-937.923
-0.0192	-890.993
-0.019	-844.063
-0.0188	-797.132
-0.0186	-750.202
-0.0184	-703.271
-0.0182	-656.341
-0.018	-609.411
-0.0178	-562.48
-0.0176	-515.55
-0.0174	-468.619
-0.0172	-421.689
-0.017	-374.759
-0.0168	-327.828
-0.0166	-280.898
-0.0164	-233.967
-0.0162	-187.037
-0.016	-140.107
-0.0158	-93.3517
-0.0156	-46.6542
-0.0154	0.00479317
-0.0152	46.654
-0.015	93.2921
-0.0148	139.789
-0.0146	186.181
-0.0144	232.466
-0.0142	278.74
-0.014	324.743
-0.0138	370.671
-0.0136	416.48
-0.0134	462.191
-0.0132	507.692
-0.013	553.052
-0.0128	597.987
-0.0126	642.803
-0.0124	687.169
-0.0122	730.803
-0.012	773.668
-0.0118	815.546
-0.0116	856.124
-0.0114	895.276
-0.0112	932.504
-0.011	967.256
-0.0108	997.083
-0.0106	1019.04
-0.0104	1030.32
-0.0102	1037.9
-0.01	1042.79
-0.0098	1046.4
-0.0096	1049.31
-0.0094	1051.92
-0.0092	1054.22
-0.009	1056.17
-0.0088	1057.78
-0.0086	1059.18
-0.0084	1060.47
-0.0082	1061.64
-0.008	1062.7
-0.0078	1063.69
-0.0076	1064.57
-0.0074	1065.38
-0.0072	1066.13
-0.007	1066.83
-0.0068	1067.48
-0.0066	1068.08
-0.0064	1068.62
-0.0062	1069.12
-0.006	1069.59
-0.0058	1070.03
-0.0056	1070.44
-0.0054	1070.83
-0.0052	1071.19
-0.005	1071.53
-0.0048	1071.85
-0.0046	1072.16
-0.0044	1072.45
-0.0042	1072.72
-0.004	1072.98
-0.0038	1073.22
-0.0036	1073.44
-0.0034	1073.65
-0.0032	1073.85
-0.003	1074.04
-0.0028	1074.22
-0.0026	1074.4
-0.0024	1074.56
-0.0022	1074.72
-0.002	1074.87
-0.0018	1075.02
-0.0016	1075.15
-0.0014	1075.28
-0.0012	1075.41
-0.001	1075.53
-0.0008	1075.65
-0.0006	1075.76
-0.0004	1075.86
-0.0002	1075.97
-5.93301E-015	1076.06
0.0002	1076.16
0.0004	1076.25
0.0006	1076.34
0.0008	1076.42
0.001	1076.5
0.0012	1076.58
0.0014	1076.66
0.0016	1076.73
0.0018	1076.8
0.002	1076.87
0.0022	1076.94
0.0024	1077
0.0026	1077.07
0.0028	1077.13
0.003	1077.18
0.0032	1077.24
0.0034	1077.3
0.0036	1077.35
0.0038	1077.4
0.004	1077.45
0.0042	1077.5
0.0044	1077.55
0.0046	1077.6
0.0048	1077.64
0.005	1077.68
0.0052	1077.73
0.0054	1077.77
0.0056	1077.81
0.0058	1077.85
0.006	1077.89
0.0062	1077.93
0.0064	1077.96
0.0066	1078
0.0068	1078.03
0.007	1078.07
0.0072	1078.1
0.0074	1078.14
0.0076	1078.17
0.0078	1078.2
0.008	1078.23
0.0082	1078.26
0.0084	1078.29
0.0086	1078.31
0.0088	1078.34
0.009	1078.37
0.0092	1078.39
0.0094	1078.42
0.0096	1078.45
0.0098	1078.47
0.01	1078.49
0.0102	1078.52
0.0104	1078.54
0.0106	1078.57
0.0108	1078.59
0.011	1078.61
0.0112	1078.63
0.0114	1078.65
0.0116	1078.67
0.0118	1078.69
0.012	1078.71
0.0122	1078.73
0.0124	1078.75
0.0126	1078.77
0.0128	1078.79
0.013	1078.81
0.0132	1078.83
0.0134	1078.85
0.0136	1078.86
0.0138	1078.88
0.014	1078.9
0.0142	1078.91
0.0144	1078.93
0.0146	1078.95
0.0148	1078.96
0.015	1078.98
0.0152	1078.99
0.0154	1079.01
0.0156	1079.02
0.0158	1079.04
0.016	1079.05
0.0162	1079.07
0.0164	1079.08
0.0166	1079.09
0.0168	1079.11
0.017	1079.12
0.0172	1079.13
0.0174	1079.15
0.0176	1079.16
0.0178	1079.17
0.018	1079.19
0.0182	1079.2
0.0184	1079.21
0.0186	1079.22
0.0188	1079.23
0.019	1079.25
0.0192	1079.26
0.0194	1079.27
0.0196	1079.28
0.0198	1079.29
0.02	1079.3
0.0198	1032.37
0.0196	985.442
0.0194	938.511
0.0192	891.581
0.019	844.65
0.0188	797.72
0.0186	750.789
0.0184	703.859
0.0182	656.929
0.018	609.998
0.0178	563.068
0.0176	516.137
0.0174	469.207
0.0172	422.277
0.017	375.346
0.0168	328.416
0.0166	281.485
0.0164	234.555
0.0162	187.625
0.016	140.695
0.0158	93.9393
0.0156	47.2413
0.0154	0.582486
0.0152	-46.0665
0.015	-92.7044
0.0148	-139.202
0.0146	-185.594
0.0144	-231.877
0.0142	-278.152
0.014	-324.155
0.0138	-370.083
0.0136	-415.891
0.0134	-461.602
0.0132	-507.102
0.013	-552.463
0.0128	-597.397
0.0126	-642.2
0.0124	-686.511
0.0122	-730.151
0.012	-773.024
0.0118	-814.916
0.0116	-855.463
0.0114	-894.698
0.0112	-931.901
0.011	-966.679
0.0108	-996.499
0.0106	-1019.19
0.0104	-1030.86
0.0102	-1038.25
0.01	-1042.83
0.0098	-1046.41
0.0096	-1049.34
0.0094	-1051.99
0.0092	-1054.34
0.009	-1056.27
0.0088	-1057.88
0.0086	-1059.3
0.0084	-1060.61
0.0082	-1061.79
0.008	-1062.87
0.0078	-1063.88
0.0076	-1064.79
0.0074	-1065.61
0.0072	-1066.38
0.007	-1067.09
0.0068	-1067.75
0.0066	-1068.36
0.0064	-1068.92
0.0062	-1069.43
0.006	-1069.91
0.0058	-1070.36
0.0056	-1070.78
0.0054	-1071.18
0.0052	-1071.55
0.005	-1071.9
0.0048	-1072.23
0.0046	-1072.54
0.0044	-1072.82
0.0042	-1073.11
0.004	-1073.37
0.0038	-1073.62
0.0036	-1073.86
0.0034	-1074.07
0.0032	-1074.28
0.003	-1074.47
0.0028	-1074.65
0.0026	-1074.83
0.0024	-1074.99
0.0022	-1075.15
0.002	-1075.3
0.0018	-1075.45
0.0016	-1075.59
0.0014	-1075.72
0.0012	-1075.85
0.001	-1075.97
0.0008	-1076.08
0.0006	-1076.2
0.0004	-1076.3
0.0002	-1076.41
-2.84234E-016	-1076.5
-0.0002	-1076.6
-0.0004	-1076.69
-0.0006	-1076.78
-0.0008	-1076.86
-0.001	-1076.95
-0.0012	-1077.02
-0.0014	-1077.1
-0.0016	-1077.17
-0.0018	-1077.24
-0.002	-1077.31
-0.0022	-1077.38
-0.0024	-1077.44
-0.0026	-1077.5
-0.0028	-1077.56
-0.003	-1077.62
-0.0032	-1077.68
-0.0034	-1077.73
-0.0036	-1077.78
-0.0038	-1077.84
-0.004	-1077.89
-0.0042	-1077.93
-0.0044	-1077.98
-0.0046	-1078.03
-0.0048	-1078.07
-0.005	-1078.11
-0.0052	-1078.16
-0.0054	-1078.2
-0.0056	-1078.24
-0.0058	-1078.27
-0.006	-1078.31
-0.0062	-1078.35
-0.0064	-1078.38
-0.0066	-1078.42
-0.0068	-1078.45
-0.007	-1078.49
-0.0072	-1078.52
-0.0074	-1078.55
-0.0076	-1078.58
-0.0078	-1078.61
-0.008	-1078.64
-0.0082	-1078.67
-0.0084	-1078.7
-0.0086	-1078.72
-0.0088	-1078.75
-0.009	-1078.78
-0.0092	-1078.8
-0.0094	-1078.83
-0.0096	-1078.85
-0.0098	-1078.88
-0.01	-1078.9
-0.0102	-1078.92
-0.0104	-1078.94
-0.0106	-1078.97
-0.0108	-1078.99
-0.011	-1079.01
-0.0112	-1079.03
-0.0114	-1079.05
-0.0116	-1079.07
-0.0118	-1079.09
-0.012	-1079.11
-0.0122	-1079.13
-0.0124	-1079.14
-0.0126	-1079.16
-0.0128	-1079.18
-0.013	-1079.2
-0.0132	-1079.21
-0.0134	-1079.23
-0.0136	-1079.24
-0.0138	-1079.26
-0.014	-1079.28
-0.0142	-1079.29
-0.0144	-1079.31
-0.0146	-1079.32
-0.0148	-1079.34
-0.015	-1079.35
-0.0152	-1079.37
-0.0154	-1079.38
-0.0156	-1079.39
-0.0158	-1079.41
-0.016	-1079.42
-0.0162	-1079.43
-0.0164	-1079.45
-0.0166	-1079.46
-0.0168	-1079.47
-0.017	-1079.49
-0.0172	-1079.5
-0.0174	-1079.51
-0.0176	-1079.52
-0.0178	-1079.53
-0.018	-1079.54
-0.0182	-1079.56
-0.0184	-1079.57
-0.0186	-1079.58
-0.0188	-1079.59
-0.019	-1079.6
-0.0192	-1079.61
-0.0194	-1079.62
-0.0196	-1079.63
-0.0198	-1079.64
-0.02	-1079.65
-0.0198	-1032.72
-0.0196	-985.791
-0.0194	-938.861
-0.0192	-891.93
-0.019	-845
-0.0188	-798.07
-0.0186	-751.139
-0.0184	-704.209
-0.0182	-657.278
-0.018	-610.348
-0.0178	-563.418
-0.0176	-516.487
-0.0174	-469.557
-0.0172	-422.626
-0.017	-375.696
-0.0168	-328.766
-0.0166	-281.835
-0.0164	-234.905
-0.0162	-187.974
-0.016	-141.045
-0.0158	-94.2889
-0.0156	-47.5906
-0.0154	-0.93189
-0.0152	45.717
-0.015	92.3547
-0.0148	138.852
-0.0146	185.244
-0.0144	231.527
-0.0142	277.802
-0.014	323.805
-0.0138	369.733
-0.0136	415.541
-0.0134	461.251
-0.0132	506.75
-0.013	552.111
-0.0128	597.046
-0.0126	641.795
-0.0124	686.109
-0.0122	729.753
-0.012	772.632
-0.0118	814.535
-0.0116	855.057
-0.0114	894.319
-0.0112	931.542
-0.011	966.345
-0.0108	996.135
-0.0106	1019.11
-0.0104	1031.28
-0.0102	1038.47
-0.01	1042.84
-0.0098	1046.4
-0.0096	1049.35
-0.0094	1052.01
-0.0092	1054.37
-0.009	1056.3
-0.0088	1057.91
-0.0086	1059.35
-0.0084	1060.67
-0.0082	1061.86
-0.008	1062.95
-0.0078	1063.97
-0.0076	1064.89
-0.0074	1065.72
-0.0072	1066.5
-0.007	1067.22
-0.0068	1067.88
-0.0066	1068.51
-0.0064	1069.08
-0.0062	1069.6
-0.006	1070.08
-0.0058	1070.54
-0.0056	1070.96
-0.0054	1071.36
-0.0052	1071.74
-0.005	1072.09
-0.0048	1072.42
-0.0046	1072.74
-0.0044	1073.04
-0.0042	1073.32
-0.004	1073.58
-0.0038	1073.83
-0.0036	1074.07
-0.0034	1074.3
-0.0032	1074.51
-0.003	1074.71
-0.0028	1074.89
-0.0026	1075.07
-0.0024	1075.24
-0.0022	1075.4
-0.002	1075.55
-0.0018	1075.7
-0.0016	1075.84
-0.0014	1075.97
-0.0012	1076.1
-0.001	1076.23
-0.0008	1076.34
-0.0006	1076.46
-0.0004	1076.56
-0.0002	1076.67
0	1076.77
